Fyr	AUS_N	AUS_avgeroradj	CAN_N	CAN_avgeroradj	CHN_N	CHN_avgeroradj	DEU_N	DEU_avgeroradj	FRA_N	FRA_avgeroradj	GBR_N	GBR_avgeroradj	HKG_N	HKG_avgeroradj	IDN_N	IDN_avgeroradj	JPN_N	JPN_avgeroradj	KOR_N	KOR_avgeroradj	MYS_N	MYS_avgeroradj	NZL_N	NZL_avgeroradj	PHL_N	PHL_avgeroradj	SGP_N	SGP_avgeroradj	THA_N	THA_avgeroradj	TWN_N	TWN_avgeroradj
1989	73	0.348919	71	0.0832839			30	0.0654255	88	0.0104256	421	0.0413261	54	0.0337956			158	-0.00832246			32	-0.0265967	2	0.124418	2	-0.0908059	21	-0.178069	2	-0.888268		
1990	97	0.166484	206	0.182517			50	-0.0667568	131	-0.0112197	530	0.117059	70	-0.00747875			241	-0.230285	14	0.0716854	28	0.0515805	5	0.257886	10	0.0992161	25	-0.0522866	18	-0.13482		
1991	55	0.0203246	237	0.0827574			48	-0.0909386	182	0.0991881	493	0.109264	82	0.113469			276	0.0208263	62	0.0985362	66	0.0283722	19	0.163528	5	-0.152893	31	0.00727912	16	-0.0172552		
1992	89	-0.0327658	233	-0.098427			57	0.0284294	179	0.0838102	563	0.0435489	105	-0.0110821	19	-0.0963216	296	0.104049	25	-0.043526	93	-0.0319955	34	0.0343029	12	-0.247776	39	-0.115835	28	-0.0443836	6	0.208865
1993	113	-0.0586831	232	-0.108414			75	0.0523244	214	0.0561544	596	0.0264283	102	0.105577	51	0.0999269	302	0.0450533	40	0.147132	98	-0.129171	33	-0.0908181	22	0.194275	42	-0.149911	90	-0.00874014	56	0.113445
1994	136	-0.0567192	229	0.175015			116	0.013162	227	0.0186704	663	-0.0140849	133	0.122853	53	-0.0192685	320	0.0322309	81	0.148265	122	0.0164348	37	-0.0100396	24	-0.0239901	44	-0.0709859	115	-0.11834	91	0.0478962
1995	127	0.0776066	244	0.0326912	28	0.0284314	93	0.0205165	200	0.0744581	722	0.0472439	150	0.0047034	68	0.0387899	313	0.013972	453	6.84364e-05	128	-0.0776189	44	0.0621382	36	-0.188242	55	-0.0482924	173	-0.0689632	158	-0.0220176
1996	134	0.0119768	237	0.0307909	23	-0.200791	25	0.259764	177	0.0639974	667	0.0127591	151	-0.0214614	45	-0.200109	328	0.0614058	351	-0.0317471	146	-0.0569858	38	-0.00355914	33	-0.317978	69	-0.114132	198	0.0165313	100	-0.0932994
1997	4	-0.00183537	21	0.343724	14	-0.592744	51	-0.0892072	27	0.185274	51	0.000935937	27	-0.250506	30	-0.183624	50	0.13064	136	-0.00571901	33	-0.106202	4	-0.0885214	33	-0.0856793	7	0.136414	75	0.170374	28	-0.0815603
1998	177	0.136467	315	0.223474	54	-0.350173	111	-0.110012	241	0.0341562	648	-0.0148417	168	0.23253	51	0.202213	638	0.0545402	354	0.244799	146	0.0736543	50	0.0623333	55	0.202002	68	0.185141	66	-0.00634152	144	0.13462
1999	188	-0.0868677	348	-0.0325098	59	0.259307	98	-0.0194399	246	-0.0311629	691	-0.0627674	173	-0.13217	52	-0.336818	1349	-0.00257435	300	-0.277961	172	0.0239466	50	0.0650553	46	-0.356045	69	-0.0750412	62	0.13185	149	-0.00315632
2000	186	0.0413833	326	0.179547	47	0.853634					653	0.06525	153	0.284883	42	0.0432551	1458	0.0475176	308	0.0346497	147	0.0819656	41	0.0763026	42	0.104631	64	0.0863766	56	-0.206628	188	0.032439
2001	175	0.389463	295	0.426028	46	0.0359927	131	-0.0265145	221	0.117852	628	0.137272	129	0.130783	37	0.254525	1516	0.0520235	295	0.413771	125	0.120869	41	0.138235	40	0.000190319	61	0.0663311	52	0.00919634	170	0.00468293
2002	208	0.133085	287	0.0778727	48	0.172899	176	-0.102415	243	-0.0891346	504	0.0195081	146	0.305649	53	0.153363	895	0.0576682	208	0.318015	119	0.160541	38	0.183297	36	-0.122179	56	-0.0273306	51	-0.0301492	134	0.0264428
2003	242	0.0322679	270	-0.0330121	5	0.472068	170	0.263414	242	0.153739	432	0.0644645	136	0.212082	49	0.163365	819	-0.0302638	142	0.44129	114	0.02428	38	0.177332	30	0.309717	63	0.151707	50	0.201147	107	-0.0185608
2004	196	0.114857	290	0.123158	3	0.265922	131	0.0275426	225	0.0166402	424	0.0515328	141	0.101334	42	0.228444	843	0.00152361	47	0.0724353	116	0.114187	41	0.0938913	26	-0.0788135	61	0.167391	61	0.0956566	71	0.220179
2005	202	0.142566	348	0.0148037	55	0.017626	132	0.0772158	221	0.0730214	421	0.122409	172	0.0588644	39	0.167117	801	-0.051535	42	-0.0754596	115	0.124469	42	0.0923958	25	0.0975724	60	0.26795	97	0.0110569	83	0.0142145
2006	221	-0.00162602	394	-0.0620047	113	-0.0130391	146	0.0387795	223	-0.00544715	474	0.112111	200	-0.0904422	50	0.108044	721	0.125105	46	0.125585	140	0.0549467	43	0.0553806	20	0.0674009	90	0.1016	128	-0.089733	101	-0.119869
2007	238	0.103678	422	0.0518106	141	0.0363177	152	0.0401027	233	-0.0949187	533	0.0444042	201	-0.107837	50	-0.0073031	709	0.122651	59	0.163087	146	0.115266	41	0.0511801	27	-0.221873	82	-0.0308713	130	0.0825802	102	0.0464786
2008	245	0.129763	489	0.216135	231	-0.0397036	153	-0.0462629	260	-0.176782	568	-0.0551533	234	0.116838	55	-0.106575	763	0.0304665	57	0.209618	162	0.035607	47	0.166558	27	-0.0630375	98	-0.0811233	125	-0.15641	123	-0.0075102
2009	267	0.050979	469	0.132183	337	-0.0568525	160	0.292179	266	0.248329	565	0.223292	196	-0.0325384	53	0.280121	781	0.0750727	53	0.208873	184	0.116997	51	0.0269455	28	0.204005	92	0.230395	91	0.274763	100	-0.100873
2010	260	-0.00399024	334	-0.0200512	412	0.0356712	154	0.0611233	270	0.110485	531	0.113074	150	0.110879	48	0.0271002	723	0.00597043	46	0.303274	199	0.09733	47	0.130767	31	0.184076	86	0.0570998	85	0.0969266	97	0.0691673
2011	242	0.00849619	451	0.171724	541	0.00584375	152	0.0345169	254	-0.0475939	528	0.0663647	157	0.20369	50	-0.0685237	715	-0.0166029	50	0.0339428	179	0.0114726	46	0.143871	28	-0.0675322	93	0.0623966	88	0.013149	105	0.0269973
2012	239	0.265408	439	0.264572	689	-0.0116954	153	0.0901956	253	0.0716867	523	0.130835	155	0.150749	63	0.0162742	696	-0.0534934	83	0.0294825	155	0.0672133	45	0.0923485	34	0.241537	93	0.048577	90	-0.0319863	102	0.0118968
2013	241	0.276074	499	0.237862	770	-0.0455634	158	0.107521	235	0.164296	517	0.192194	166	-0.129482	58	-0.062597	633	0.00184384	148	0.00999326	164	-0.0285484	39	0.0681075	37	0.0272545	92	0.0184373	81	0.00219381	123	-0.0527158
2014	230	0.109529	461	0.135721	731	-0.0554137	158	0.00321721	220	0.0819729	497	0.0882421	167	-0.0141396	67	-0.0165815	644	0.0030536	172	-0.100836	165	-0.082974	44	0.0958676	42	0.015253	90	0.0884875	90	-0.0845992	129	0.0651654
2015	219	0.121666	460	0.00110586	711	-0.181601	169	-0.00185509	224	0.0483677	472	0.0840456	174	-0.0574483	82	-0.0520169	686	0.043279	240	-0.143213	170	-0.0203277	42	0.105707	42	-0.0594178	93	0.0335716	100	-0.0285295	158	0.0341328
2016	213	0.0886913	436	-0.135407	721	-0.0811603	156	0.0370029	235	0.0998162	465	0.067229	149	0.224707	81	-0.0270258	712	-0.025005	276	-0.0301367	167	-0.00409349	41	0.0855662	40	0.00424643	88	0.0998497	94	-0.00852494	147	0.0266814
2017	205	0.0849863	402	-0.0273002	543	0.109323	135	0.0222392	160	0.105248	286	0.28154	182	0.204739	71	-0.0145923	701	0.0168462	318	0.0887331	174	-0.00561931	42	0.127724	26	0.0268904	87	0.0666877	108	0.0968524	144	0.0278629
AllYrs	5222	0.095033	9532	0.0893041	6322	-0.0285155	3340	0.0401183	5897	0.047894	15077	0.0681308	4223	0.0691118	1359	0.0201151	19129	0.0229961	4406	0.068828	3809	0.0310233	1086	0.0846473	859	-0.00406417	1919	0.0445166	2420	0.00276103	2916	0.0166947
